B.PM.Pel_28 (120577.66,92968.81) 22799.89999994871
H.PO.Pel_25 (116777.20,67767.63) 23599.899999937068
Pel.PO.Pi_34 (138421.01,75651.25) 24900.0
H.PO.Pel_25 (121607.49,78316.92) 25599.899999907964
Pi.Pel_37 (120577.66,92968.81) 25599.999999907963
Pi.Pel_38 (120577.66,92968.81) 25599.999999907963
J.AG.Pel_20 (138421.01,75651.25) 25799.899999905054
PM.PA.H.J_33 (67223.70,60126.98) 26099.89999990069
B.PM.Pel_28 (68777.87,109668.56) 26399.899999896323
B.PM.Pel_29 (68777.87,109668.56) 26999.89999988759
Pel.Ca_40 (148895.65,110118.07) 26999.89999988759
Pel.Ca_41 (148895.65,110118.07) 27000.0
H.PO.Pel_25 (138421.01,75651.25) 27399.89999988177
Ca.Pi_36 (125152.09,134673.10) 27600.0
H.AG.Pel_26 (96181.89,36537.65) 27601.099999878843
Pi.Pel_37 (165744.40,90012.13) 27799.99999987595
Pi.Pel_38 (95308.28,124134.52) 27799.99999987595
J.AG.Pel_21 (96181.89,36537.65) 27900.0
Pel.PO.Pi_34 (121607.49,78316.92) 27900.0
H.AG_24 (96181.89,36537.65) 28699.999999862852
PM.PA.H.J_33 (56251.17,77559.58) 28799.899999861398
Pi.PM_35 (88066.66,122369.36) 28799.899999861398
Pel.Ca_40 (135975.62,129702.76) 28799.899999861398
Pel.PO.Pi_34 (122259.05,79112.85) 28800.0
Pel.Ca_41 (165744.40,90012.13) 28800.0
H.PO.Pel_25 (165744.40,90012.13) 29399.899999852667
Pel.PO.Pi_34 (120577.66,92968.81) 29700.0
Ca.Pi_36 (135975.62,129702.76) 30000.0
Pi.PM_35 (68777.87,109668.56) 30599.899999835205
B.PM.Pel_29 (120577.66,92968.81) 30600.0
J.AG.Pel_20 (96181.89,36537.65) 31199.899999826474
H.AG.Pel_26 (138421.01,75651.25) 31201.099999826456
PM.PA.H.J_33 (49399.77,92658.78) 31499.899999822108
B.PM.Pel_28 (58.53,137084.64) 31800.0
Pel.PO.Pi_34 (95308.28,124134.52) 32100.0
H.AG_24 (67223.70,60126.98) 32299.999999810465
B.PM.Pel_30 (68777.87,109668.56) 32399.89999980901
B.PM.Pel_31 (120577.66,92968.81) 32399.89999980901
J.AG.Pel_21 (138421.01,75651.25) 33299.89999979592
B.PM.Pel_29 (165744.40,90012.13) 33600.0
J.AG.Pel_20 (68540.65,167.57) 33900.0
H.AG.Pel_26 (165744.40,90012.13) 34201.099999782804
PM.PA.H.J_33 (68777.87,109668.56) 35099.899999769725
J.AG.Pel_22 (96181.89,36537.65) 35100.0
J.AG.Pel_21 (165744.40,90012.13) 35699.89999976099
B.PM.Pel_31 (68777.87,109668.56) 35999.89999975663
B.PM.Pel_30 (120577.66,92968.81) 36000.0
J.AG.Pel_23 (138421.01,75651.25) 36599.8999997479
Pel.Ca_41 (148895.65,110118.07) 37799.899999730435
Pel.Ca_40 (148895.65,110118.07) 37800.0
B.PM.Pel_29 (120577.66,92968.81) 38999.89999971297
B.PM.Pel_30 (165744.40,90012.13) 39000.0
Pel.Ca_41 (135975.62,129702.76) 39599.89999970424
Pel.Ca_40 (165744.40,90012.13) 39600.0
J.AG.Pel_22 (138421.01,75651.25) 40499.899999691144
B.PM.Pel_28 (68777.87,109668.56) 41399.89999967805
B.PM.Pel_31 (58.53,137084.64) 41400.0
Pel.Ca_40 (148895.65,110118.07) 41400.0
Pel.Ca_41 (148895.65,110118.07) 41400.0
J.AG.Pel_23 (96181.89,36537.65) 41999.89999966932
Ca.Pi_36 (125152.09,134673.10) 42000.0
B.PM.Pel_29 (68777.87,109668.56) 42599.899999660585
J.AG.Pel_22 (165744.40,90012.13) 42899.89999965622
Pel.Ca_40 (135975.62,129702.76) 43200.0
Pel.Ca_41 (165744.40,90012.13) 43200.0
Pi.Pel_37 (120577.66,92968.81) 43599.99999964603
Pi.Pel_38 (120577.66,92968.81) 43599.99999964603
J.AG.Pel_21 (138421.01,75651.25) 43799.89999964312
J.AG.Pel_20 (96181.89,36537.65) 44100.0
Ca.Pi_36 (95308.28,124134.52) 44400.0
J.AG.Pel_23 (68540.65,167.57) 44700.0
Pi.PM_35 (88066.66,122369.36) 44999.89999962566
B.PM.Pel_28 (120577.66,92968.81) 45000.0
Ce.Pp.Fa.Pel_39 (135516.90,79492.73) 45599.89999961693
Pi.Pel_37 (95308.28,124134.52) 45799.99999961402
Pi.Pel_38 (165744.40,90012.13) 45799.99999961402
B.PM.Pel_30 (120577.66,92968.81) 46199.8999996082
Ce.Pp.Fa.Pel_39 (138421.01,75651.25) 46199.8999996082
Pi.PM_35 (95308.28,124134.52) 46799.89999959947
Pel.Ca_41 (148895.65,110118.07) 46799.89999959947
Pel.Ca_40 (148895.65,110118.07) 46800.0
B.PM.Pel_28 (165744.40,90012.13) 48000.0
B.PM.Pel_29 (58.53,137084.64) 48000.0
Pel.Ca_41 (135975.62,129702.76) 48599.899999573274
Pel.Ca_40 (165744.40,90012.13) 48600.0
J.AG.Pel_21 (96181.89,36537.65) 49199.89999956454
Ce.Pp.Fa.Pel_39 (165744.40,90012.13) 49199.89999956454
J.AG.Pel_20 (138421.01,75651.25) 49499.89999956018
J.AG.Pel_23 (96181.89,36537.65) 49500.0
B.PM.Pel_30 (68777.87,109668.56) 49799.89999955581
J.AG.Pel_20 (165744.40,90012.13) 51899.89999952525
J.AG.Pel_21 (68540.65,167.57) 51900.0
J.AG.Pel_22 (138421.01,75651.25) 52799.899999512156
B.PM.Pel_28 (120577.66,92968.81) 53399.899999503425
J.AG.Pel_23 (138421.01,75651.25) 54899.8999994816
B.PM.Pel_30 (58.53,137084.64) 55200.0
B.PM.Pel_29 (68777.87,109668.56) 55799.8999994685
Pel.Ca_40 (148895.65,110118.07) 55799.8999994685
Pel.Ca_41 (148895.65,110118.07) 55800.0
B.PM.Pel_28 (68777.87,109668.56) 56999.89999945104
J.AG.Pel_23 (165744.40,90012.13) 57299.89999944667
PM.PA.H.J_33 (49399.77,92658.78) 57599.89999944231
Pel.Ca_40 (135975.62,129702.76) 57599.89999944231
Pel.Ca_41 (165744.40,90012.13) 57600.0
J.AG.Pel_22 (96181.89,36537.65) 58199.899999433575
Pel.PO.Pi_34 (120577.66,92968.81) 58200.0
Pel.PO.Pi_34 (122259.05,79112.85) 59100.0
B.PM.Pel_29 (120577.66,92968.81) 59400.0
Ce.Pp.Fa.Pel_39 (138421.01,75651.25) 59700.0
J.AG.Pel_20 (138421.01,75651.25) 59999.89999940738
Pel.PO.Pi_34 (121607.49,78316.92) 60000.0
Ca.Pi_36 (125152.09,134673.10) 60000.0
PM.PA.H.J_33 (56251.17,77559.58) 60299.89999940302
J.AG.Pel_21 (96181.89,36537.65) 60300.0
Ce.Pp.Fa.Pel_39 (135516.90,79492.73) 60300.0
B.PM.Pel_32 (120577.66,92968.81) 60599.89999939865
J.AG.Pel_22 (68540.65,167.57) 60900.0
Ce.Pp.Fa.Pel_39 (122259.05,79112.85) 61200.0
H.AG.Pel_26 (138421.01,75651.25) 62400.0
B.PM.Pel_28 (58.53,137084.64) 62400.0
B.PM.Pel_29 (165744.40,90012.13) 62400.0
Ca.Pi_36 (135975.62,129702.76) 62400.0
B.PM.Pel_30 (68777.87,109668.56) 62999.899999363726
PM.PA.H.J_33 (67223.70,60126.98) 62999.899999363726
Pel.PO.Pi_34 (138421.01,75651.25) 62999.899999363726
Pel.Ca_41 (148895.65,110118.07) 62999.899999363726
Pel.Ca_40 (148895.65,110118.07) 63000.0
H.PO.Pel_25 (138421.01,75651.25) 63199.899999360816
B.PM.Pel_32 (68777.87,109668.56) 64199.899999346264
Pel.PO.Pi_34 (165744.40,90012.13) 64499.8999993419
H.AG_24 (96181.89,36537.65) 64699.99999933899
Pel.Ca_41 (135975.62,129702.76) 64799.89999933753
Pel.Ca_40 (165744.40,90012.13) 64800.0
H.PO.Pel_25 (121607.49,78316.92) 64999.89999933462
J.AG.Pel_20 (96181.89,36537.65) 65399.8999993288
J.AG.Pel_21 (138421.01,75651.25) 65699.89999933635
H.AG.Pel_26 (96181.89,36537.65) 66000.0
B.PM.Pel_30 (120577.66,92968.81) 66600.0
PM.PA.H.J_33 (68540.65,167.57) 66600.0
H.PO.Pel_25 (116777.20,67767.63) 66999.89999941202
J.AG.Pel_23 (138421.01,75651.25) 67199.89999942367
J.AG.Pel_22 (96181.89,36537.65) 67500.0
B.PM.Pel_29 (120577.66,92968.81) 67799.89999945859
J.AG.Pel_20 (68540.65,167.57) 68099.89999947605
J.AG.Pel_21 (165744.40,90012.13) 68099.89999947605
H.AG_24 (67223.70,60126.98) 68299.9999994877
H.AG.Pel_26 (67223.70,60126.98) 68399.89999949351
Pel.Ca_40 (148895.65,110118.07) 68399.89999949351
Pel.Ca_41 (148895.65,110118.07) 68400.0
Pi.Pel_37 (120577.66,92968.81) 68799.9999995168
Pi.Pel_38 (120577.66,92968.81) 68799.9999995168
H.PO.Pel_25 (67223.70,60126.98) 68999.89999952844
Ca.Pi_36 (125152.09,134673.10) 69000.0
B.PM.Pel_30 (165744.40,90012.13) 69600.0
B.PM.Pel_32 (58.53,137084.64) 69600.0
B.PM.Pel_28 (68777.87,109668.56) 70199.89999959829
Pel.Ca_40 (135975.62,129702.76) 70199.89999959829
Pel.Ca_41 (165744.40,90012.13) 70200.0
Pi.Pel_37 (165744.40,90012.13) 70999.99999964486
Pi.Pel_38 (95308.28,124134.52) 70999.99999964486
B.PM.Pel_29 (68777.87,109668.56) 71399.89999966814
Ca.Pi_36 (95308.28,124134.52) 71400.0
J.AG.Pel_23 (96181.89,36537.65) 72599.89999973799
J.AG.Pel_22 (138421.01,75651.25) 72899.89999975545
B.PM.Pel_28 (120577.66,92968.81) 73799.89999980784
J.AG.Pel_22 (165744.40,90012.13) 75299.89999989515
J.AG.Pel_23 (68540.65,167.57) 75299.89999989515
J.AG.Pel_21 (138421.01,75651.25) 76199.89999994753
J.AG.Pel_20 (96181.89,36537.65) 76500.0
B.PM.Pel_28 (165744.40,90012.13) 76799.89999998246
B.PM.Pel_29 (58.53,137084.64) 76799.89999998246
B.PM.Pel_31 (68777.87,109668.56) 77400.0
B.PM.Pel_31 (120577.66,92968.81) 81000.0
J.AG.Pel_21 (96181.89,36537.65) 81600.0
J.AG.Pel_20 (138421.01,75651.25) 81900.0
B.PM.Pel_31 (165744.40,90012.13) 84000.00000040156
J.AG.Pel_21 (68540.65,167.57) 84300.0
J.AG.Pel_20 (165744.40,90012.13) 84300.00000041902
B.PM.Pel_28 (120577.66,92968.81) 109199.80000186838
H.PO.Pel_25 (116777.20,67767.63) 109999.80000191495
Pel.PO.Pi_34 (138421.01,75651.25) 111300.0
H.PO.Pel_25 (121607.49,78316.92) 111999.80000203136
Pi.Pel_37 (120577.66,92968.81) 111999.90000203137
Pi.Pel_38 (120577.66,92968.81) 111999.90000203137
J.AG.Pel_20 (138421.01,75651.25) 112199.800002043
B.PM.Pel_28 (68777.87,109668.56) 112799.80000207793
B.PM.Pel_29 (68777.87,109668.56) 113399.80000211285
Pel.Ca_41 (148895.65,110118.07) 113399.80000211285
Pel.Ca_40 (148895.65,110118.07) 113400.0
H.PO.Pel_25 (138421.01,75651.25) 113799.70000213613
H.AG.Pel_26 (96181.89,36537.65) 114000.0
Pi.Pel_37 (95308.28,124134.52) 114199.90000215943
Pi.Pel_38 (165744.40,90012.13) 114199.90000215943
J.AG.Pel_21 (96181.89,36537.65) 114300.0
Pel.PO.Pi_34 (121607.49,78316.92) 114300.00000216525
H.AG_24 (96181.89,36537.65) 115099.90000221181
Pel.Ca_41 (135975.62,129702.76) 115199.80000221763
Pel.PO.Pi_34 (122259.05,79112.85) 115200.00000221764
Pel.Ca_40 (165744.40,90012.13) 115200.00000221764
H.PO.Pel_25 (165744.40,90012.13) 115799.70000225255
Pel.PO.Pi_34 (120577.66,92968.81) 116100.00000227003
B.PM.Pel_29 (120577.66,92968.81) 116999.8000023224
J.AG.Pel_20 (96181.89,36537.65) 117599.80000235733
H.AG.Pel_26 (138421.01,75651.25) 117599.80000235733
B.PM.Pel_28 (58.53,137084.64) 118199.80000239225
Pel.PO.Pi_34 (95308.28,124134.52) 118500.00000240972
H.AG_24 (67223.70,60126.98) 118699.90000242136
B.PM.Pel_30 (120577.66,92968.81) 118799.80000242718
B.PM.Pel_32 (68777.87,109668.56) 118799.80000242718
J.AG.Pel_21 (138421.01,75651.25) 119699.80000247956
B.PM.Pel_29 (165744.40,90012.13) 119999.80000249702
J.AG.Pel_20 (68540.65,167.57) 120299.80000251449
H.AG.Pel_26 (165744.40,90012.13) 120599.80000253195
J.AG.Pel_23 (96181.89,36537.65) 121500.0
J.AG.Pel_21 (165744.40,90012.13) 122099.80000261926
B.PM.Pel_30 (68777.87,109668.56) 122399.80000263672
B.PM.Pel_32 (120577.66,92968.81) 122399.80000263672
J.AG.Pel_22 (138421.01,75651.25) 122999.80000267165
Pel.Ca_40 (148895.65,110118.07) 124199.8000027415
Pel.Ca_41 (148895.65,110118.07) 124200.0
B.PM.Pel_29 (120577.66,92968.81) 125399.80000281135
B.PM.Pel_32 (165744.40,90012.13) 125399.80000281135
Pel.Ca_40 (135975.62,129702.76) 125999.80000284627
Pel.Ca_41 (165744.40,90012.13) 126000.00000284628
J.AG.Pel_23 (138421.01,75651.25) 126899.80000289866
B.PM.Pel_28 (68777.87,109668.56) 127799.80000295104
B.PM.Pel_30 (58.53,137084.64) 127799.80000295104
Pel.Ca_40 (148895.65,110118.07) 127800.0
Pel.Ca_41 (148895.65,110118.07) 127800.00000295106
J.AG.Pel_22 (96181.89,36537.65) 128399.80000298597
B.PM.Pel_29 (68777.87,109668.56) 128999.8000030209
J.AG.Pel_23 (165744.40,90012.13) 129299.80000303836
Pel.Ca_40 (165744.40,90012.13) 129600.00000305583
Pel.Ca_41 (135975.62,129702.76) 129600.00000305583
Pi.Pel_37 (120577.66,92968.81) 129999.9000030791
Pi.Pel_38 (120577.66,92968.81) 129999.9000030791
J.AG.Pel_21 (138421.01,75651.25) 130199.80000309074
J.AG.Pel_20 (96181.89,36537.65) 130500.0
J.AG.Pel_22 (68540.65,167.57) 131099.80000314311
B.PM.Pel_28 (120577.66,92968.81) 131399.80000316058
Ce.Pp.Fa.Pel_39 (135516.90,79492.73) 131999.8000031955
Pi.Pel_37 (165744.40,90012.13) 132199.90000320715
Pi.Pel_38 (95308.28,124134.52) 132199.90000320715
B.PM.Pel_31 (120577.66,92968.81) 132599.80000323043
Ce.Pp.Fa.Pel_39 (138421.01,75651.25) 132599.80000323043
Pel.Ca_40 (148895.65,110118.07) 133199.80000326535
Pel.Ca_41 (148895.65,110118.07) 133200.0
B.PM.Pel_28 (165744.40,90012.13) 134399.8000033352
B.PM.Pel_29 (58.53,137084.64) 134399.8000033352
Pel.Ca_40 (135975.62,129702.76) 134999.80000337012
Pel.Ca_41 (165744.40,90012.13) 135000.00000337014
J.AG.Pel_21 (96181.89,36537.65) 135599.80000340505
Ce.Pp.Fa.Pel_39 (165744.40,90012.13) 135599.80000340505
J.AG.Pel_20 (138421.01,75651.25) 135899.8000034225
J.AG.Pel_22 (96181.89,36537.65) 135900.0
B.PM.Pel_31 (68777.87,109668.56) 136199.80000343997
J.AG.Pel_20 (165744.40,90012.13) 138299.8000035622
J.AG.Pel_21 (68540.65,167.57) 138299.8000035622
J.AG.Pel_23 (138421.01,75651.25) 139199.8000036146
B.PM.Pel_28 (120577.66,92968.81) 139799.80000364952
J.AG.Pel_22 (138421.01,75651.25) 141299.80000373683
B.PM.Pel_31 (58.53,137084.64) 141599.8000037543
B.PM.Pel_29 (68777.87,109668.56) 142199.80000378922
Pel.Ca_41 (148895.65,110118.07) 142199.80000378922
Pel.Ca_40 (148895.65,110118.07) 142200.0
B.PM.Pel_28 (68777.87,109668.56) 143399.80000385907
J.AG.Pel_22 (165744.40,90012.13) 143699.80000387653
Pel.Ca_41 (135975.62,129702.76) 143999.800003894
Pel.Ca_40 (165744.40,90012.13) 144000.000003894
J.AG.Pel_23 (96181.89,36537.65) 144599.80000392892
Pel.PO.Pi_34 (120577.66,92968.81) 144600.0
Pel.PO.Pi_34 (122259.05,79112.85) 145500.00000398132
B.PM.Pel_29 (120577.66,92968.81) 145799.80000399877
Ce.Pp.Fa.Pel_39 (138421.01,75651.25) 146100.0
J.AG.Pel_20 (138421.01,75651.25) 146399.8000040337
Pel.PO.Pi_34 (121607.49,78316.92) 146400.0000040337
J.AG.Pel_21 (96181.89,36537.65) 146700.0
Ce.Pp.Fa.Pel_39 (135516.90,79492.73) 146700.00000405117
B.PM.Pel_32 (120577.66,92968.81) 146999.80000406862
J.AG.Pel_23 (68540.65,167.57) 147299.80000408608
Ce.Pp.Fa.Pel_39 (122259.05,79112.85) 147600.00000410355
B.PM.Pel_28 (58.53,137084.64) 148799.8000041734
B.PM.Pel_29 (165744.40,90012.13) 148799.8000041734
H.AG.Pel_26 (138421.01,75651.25) 148800.0
B.PM.Pel_30 (68777.87,109668.56) 149399.80000420831
Pel.Ca_40 (148895.65,110118.07) 149399.80000420831
Pel.PO.Pi_34 (138421.01,75651.25) 149400.0
Pel.Ca_41 (148895.65,110118.07) 149400.0
H.PO.Pel_25 (138421.01,75651.25) 149599.80000421996
B.PM.Pel_32 (68777.87,109668.56) 150599.80000427816
Pel.PO.Pi_34 (165744.40,90012.13) 150900.00000429564
H.AG_24 (96181.89,36537.65) 151099.90000430727
Pel.Ca_40 (135975.62,129702.76) 151199.8000043131
Pel.Ca_41 (165744.40,90012.13) 151200.0000043131
H.PO.Pel_25 (121607.49,78316.92) 151399.80000432473
J.AG.Pel_20 (96181.89,36537.65) 151799.800004348
J.AG.Pel_21 (138421.01,75651.25) 152099.80000436548
H.AG.Pel_26 (96181.89,36537.65) 152400.00000438295
B.PM.Pel_30 (120577.66,92968.81) 152999.80000441786
H.PO.Pel_25 (116777.20,67767.63) 153399.80000444115
J.AG.Pel_22 (138421.01,75651.25) 153599.8000044528
J.AG.Pel_23 (96181.89,36537.65) 153900.0
B.PM.Pel_29 (120577.66,92968.81) 154199.8000044877
J.AG.Pel_20 (68540.65,167.57) 154499.80000450517
J.AG.Pel_21 (165744.40,90012.13) 154499.80000450517
H.AG_24 (67223.70,60126.98) 154699.90000451682
Pel.Ca_41 (148895.65,110118.07) 154799.80000452264
H.AG.Pel_26 (67223.70,60126.98) 154800.0
Pel.Ca_40 (148895.65,110118.07) 154800.0
Pi.Pel_37 (120577.66,92968.81) 155199.90000454593
Pi.Pel_38 (120577.66,92968.81) 155199.90000454593
H.PO.Pel_25 (67223.70,60126.98) 155399.80000455756
B.PM.Pel_30 (165744.40,90012.13) 155999.8000045925
B.PM.Pel_32 (58.53,137084.64) 155999.8000045925
B.PM.Pel_28 (68777.87,109668.56) 156599.8000046274
Pel.Ca_41 (135975.62,129702.76) 156599.8000046274
Pel.Ca_40 (165744.40,90012.13) 156600.00000462742
Pi.Pel_37 (95308.28,124134.52) 157399.90000467398
Pi.Pel_38 (165744.40,90012.13) 157399.90000467398
B.PM.Pel_29 (68777.87,109668.56) 157799.80000469726
J.AG.Pel_22 (96181.89,36537.65) 158999.8000047671
J.AG.Pel_23 (138421.01,75651.25) 159299.80000478457
B.PM.Pel_28 (120577.66,92968.81) 160199.80000483696
J.AG.Pel_22 (68540.65,167.57) 161699.80000492427
J.AG.Pel_23 (165744.40,90012.13) 161699.80000492427
J.AG.Pel_21 (138421.01,75651.25) 162599.80000497666
J.AG.Pel_20 (96181.89,36537.65) 162900.0
B.PM.Pel_28 (165744.40,90012.13) 163199.80000501158
B.PM.Pel_29 (58.53,137084.64) 163199.80000501158
B.PM.Pel_31 (68777.87,109668.56) 163799.8000050465
B.PM.Pel_31 (120577.66,92968.81) 167399.80000525605
J.AG.Pel_21 (96181.89,36537.65) 167999.80000529098
J.AG.Pel_20 (138421.01,75651.25) 168299.80000530844
B.PM.Pel_31 (165744.40,90012.13) 170399.80000543068
J.AG.Pel_20 (165744.40,90012.13) 170699.80000544814
J.AG.Pel_21 (68540.65,167.57) 170699.80000544814
B.PM.Pel_28 (120577.66,92968.81) 195599.8000068975
H.PO.Pel_25 (116777.20,67767.63) 196399.80000694407
Pel.PO.Pi_34 (138421.01,75651.25) 197700.0
H.PO.Pel_25 (121607.49,78316.92) 198399.8000070605
Pi.Pel_37 (120577.66,92968.81) 198399.9000070605
Pi.Pel_38 (120577.66,92968.81) 198399.9000070605
J.AG.Pel_20 (138421.01,75651.25) 198599.80000707213
PM.PA.H.J_33 (67223.70,60126.98) 198899.8000070896
B.PM.Pel_28 (68777.87,109668.56) 199199.80000710706
B.PM.Pel_29 (68777.87,109668.56) 199799.80000714198
Pel.Ca_40 (148895.65,110118.07) 199799.80000714198
Pel.Ca_41 (148895.65,110118.07) 199800.0
H.PO.Pel_25 (138421.01,75651.25) 200199.70000716526
H.AG.Pel_26 (96181.89,36537.65) 200400.0
Ca.Pi_36 (125152.09,134673.10) 200400.0
Pi.Pel_37 (165744.40,90012.13) 200599.90000718855
Pi.Pel_38 (95308.28,124134.52) 200599.90000718855
J.AG.Pel_21 (96181.89,36537.65) 200700.0
Pel.PO.Pi_34 (121607.49,78316.92) 200700.00000719438
H.AG_24 (96181.89,36537.65) 201499.90000724094
PM.PA.H.J_33 (56251.17,77559.58) 201599.70000724675
Pi.PM_35 (88066.66,122369.36) 201599.80000724675
Pel.Ca_40 (135975.62,129702.76) 201599.80000724675
Pel.PO.Pi_34 (122259.05,79112.85) 201600.00000724677
Pel.Ca_41 (165744.40,90012.13) 201600.00000724677
H.PO.Pel_25 (165744.40,90012.13) 202199.70000728167
Pel.PO.Pi_34 (120577.66,92968.81) 202500.00000729915
Ca.Pi_36 (135975.62,129702.76) 202800.00000731662
B.PM.Pel_29 (120577.66,92968.81) 203399.80000735153
Pi.PM_35 (68777.87,109668.56) 203399.80000735153
J.AG.Pel_20 (96181.89,36537.65) 203999.80000738645
H.AG.Pel_26 (138421.01,75651.25) 203999.80000738645
PM.PA.H.J_33 (49399.77,92658.78) 204299.7000074039
B.PM.Pel_28 (58.53,137084.64) 204599.80000742138
Pel.PO.Pi_34 (95308.28,124134.52) 204900.00000743885
H.AG_24 (67223.70,60126.98) 205099.9000074505
B.PM.Pel_30 (120577.66,92968.81) 205199.8000074563
B.PM.Pel_32 (68777.87,109668.56) 205199.8000074563
J.AG.Pel_21 (138421.01,75651.25) 206099.8000075087
B.PM.Pel_29 (165744.40,90012.13) 206399.80000752615
J.AG.Pel_20 (68540.65,167.57) 206699.8000075436
H.AG.Pel_26 (165744.40,90012.13) 206999.80000756108
PM.PA.H.J_33 (68777.87,109668.56) 207899.60000761345
J.AG.Pel_22 (96181.89,36537.65) 207900.0
J.AG.Pel_21 (165744.40,90012.13) 208499.8000076484
B.PM.Pel_30 (68777.87,109668.56) 208799.80000766585
B.PM.Pel_32 (120577.66,92968.81) 208799.80000766585
J.AG.Pel_23 (138421.01,75651.25) 209399.80000770077
Pel.Ca_41 (148895.65,110118.07) 210599.80000777062
Pel.Ca_40 (148895.65,110118.07) 210600.0
B.PM.Pel_29 (120577.66,92968.81) 211799.80000784047
B.PM.Pel_32 (165744.40,90012.13) 211799.80000784047
Pel.Ca_41 (135975.62,129702.76) 212399.8000078754
Pel.Ca_40 (165744.40,90012.13) 212400.0000078754
J.AG.Pel_22 (138421.01,75651.25) 213299.80000792778
B.PM.Pel_28 (68777.87,109668.56) 214199.80000798017
B.PM.Pel_30 (58.53,137084.64) 214199.80000798017
Pel.Ca_41 (148895.65,110118.07) 214200.0
Pel.Ca_40 (148895.65,110118.07) 214200.00000798018
J.AG.Pel_23 (96181.89,36537.65) 214799.8000080151
Ca.Pi_36 (125152.09,134673.10) 214800.0
B.PM.Pel_29 (68777.87,109668.56) 215399.80000805002
J.AG.Pel_22 (165744.40,90012.13) 215699.80000806748
Pel.Ca_40 (135975.62,129702.76) 216000.00000808496
Pel.Ca_41 (165744.40,90012.13) 216000.00000808496
Pi.Pel_37 (120577.66,92968.81) 216399.90000810823
Pi.Pel_38 (120577.66,92968.81) 216399.90000810823
J.AG.Pel_21 (138421.01,75651.25) 216599.80000811987
J.AG.Pel_20 (96181.89,36537.65) 216900.0
Ca.Pi_36 (95308.28,124134.52) 217200.0000081548
J.AG.Pel_23 (68540.65,167.57) 217499.80000817226
B.PM.Pel_28 (120577.66,92968.81) 217799.80000818972
Pi.PM_35 (88066.66,122369.36) 217799.80000818972
Ce.Pp.Fa.Pel_39 (135516.90,79492.73) 218399.80000822464
Pi.Pel_37 (95308.28,124134.52) 218599.9000082363
Pi.Pel_38 (165744.40,90012.13) 218599.9000082363
B.PM.Pel_31 (120577.66,92968.81) 218999.80000825957
Ce.Pp.Fa.Pel_39 (138421.01,75651.25) 218999.80000825957
Pi.PM_35 (95308.28,124134.52) 219599.8000082945
Pel.Ca_41 (148895.65,110118.07) 219599.8000082945
Pel.Ca_40 (148895.65,110118.07) 219600.0
B.PM.Pel_28 (165744.40,90012.13) 220799.80000836434
B.PM.Pel_29 (58.53,137084.64) 220799.80000836434
Pel.Ca_41 (135975.62,129702.76) 221399.80000839927
Pel.Ca_40 (165744.40,90012.13) 221400.00000839928
J.AG.Pel_21 (96181.89,36537.65) 221999.8000084342
Ce.Pp.Fa.Pel_39 (165744.40,90012.13) 221999.8000084342
J.AG.Pel_20 (138421.01,75651.25) 222299.80000845165
J.AG.Pel_23 (96181.89,36537.65) 222300.0
B.PM.Pel_31 (68777.87,109668.56) 222599.80000846912
J.AG.Pel_20 (165744.40,90012.13) 224699.80000859135
J.AG.Pel_21 (68540.65,167.57) 224699.80000859135
J.AG.Pel_22 (138421.01,75651.25) 225599.80000864374
B.PM.Pel_28 (120577.66,92968.81) 226199.80000867866
J.AG.Pel_23 (138421.01,75651.25) 227699.80000876597
B.PM.Pel_31 (58.53,137084.64) 227999.80000878344
B.PM.Pel_29 (68777.87,109668.56) 228599.80000881836
Pel.Ca_40 (148895.65,110118.07) 228599.80000881836
Pel.Ca_41 (148895.65,110118.07) 228600.0
B.PM.Pel_28 (68777.87,109668.56) 229799.8000088882
J.AG.Pel_23 (165744.40,90012.13) 230099.80000890567
PM.PA.H.J_33 (49399.77,92658.78) 230399.80000892314
Pel.Ca_40 (135975.62,129702.76) 230399.80000892314
Pel.Ca_41 (165744.40,90012.13) 230400.00000892315
J.AG.Pel_22 (96181.89,36537.65) 230999.80000895806
Pel.PO.Pi_34 (120577.66,92968.81) 231000.0
Pel.PO.Pi_34 (122259.05,79112.85) 231900.00000901046
B.PM.Pel_29 (120577.66,92968.81) 232199.8000090279
Ce.Pp.Fa.Pel_39 (138421.01,75651.25) 232500.0
J.AG.Pel_20 (138421.01,75651.25) 232799.80000906283
Ca.Pi_36 (125152.09,134673.10) 232800.0
Pel.PO.Pi_34 (121607.49,78316.92) 232800.00000906285
PM.PA.H.J_33 (56251.17,77559.58) 233099.7000090803
J.AG.Pel_21 (96181.89,36537.65) 233100.0
Ce.Pp.Fa.Pel_39 (135516.90,79492.73) 233100.0000090803
B.PM.Pel_32 (120577.66,92968.81) 233399.80000909776
J.AG.Pel_22 (68540.65,167.57) 233699.80000911522
Ce.Pp.Fa.Pel_39 (122259.05,79112.85) 234000.0000091327
B.PM.Pel_28 (58.53,137084.64) 235199.80000920253
B.PM.Pel_29 (165744.40,90012.13) 235199.80000920253
H.AG.Pel_26 (138421.01,75651.25) 235200.0
Ca.Pi_36 (135975.62,129702.76) 235200.00000920254
PM.PA.H.J_33 (67223.70,60126.98) 235799.70000923745
B.PM.Pel_30 (68777.87,109668.56) 235799.80000923746
Pel.Ca_41 (148895.65,110118.07) 235799.80000923746
Pel.PO.Pi_34 (138421.01,75651.25) 235800.0
Pel.Ca_40 (148895.65,110118.07) 235800.0
H.PO.Pel_25 (138421.01,75651.25) 235999.8000092491
B.PM.Pel_32 (68777.87,109668.56) 236999.8000093073
Pel.PO.Pi_34 (165744.40,90012.13) 237300.00000932478
H.AG_24 (96181.89,36537.65) 237499.90000933642
Pel.Ca_41 (135975.62,129702.76) 237599.80000934223
Pel.Ca_40 (165744.40,90012.13) 237600.00000934224
H.PO.Pel_25 (121607.49,78316.92) 237799.80000935387
J.AG.Pel_20 (96181.89,36537.65) 238199.80000937716
J.AG.Pel_21 (138421.01,75651.25) 238499.80000939462
H.AG.Pel_26 (96181.89,36537.65) 238800.0000094121
PM.PA.H.J_33 (68540.65,167.57) 239399.700009447
B.PM.Pel_30 (120577.66,92968.81) 239399.800009447
H.PO.Pel_25 (116777.20,67767.63) 239799.8000094703
J.AG.Pel_23 (138421.01,75651.25) 239999.80000948193
J.AG.Pel_22 (96181.89,36537.65) 240300.0
B.PM.Pel_29 (120577.66,92968.81) 240599.80000951685
J.AG.Pel_20 (68540.65,167.57) 240899.80000953432
J.AG.Pel_21 (165744.40,90012.13) 240899.80000953432
H.AG_24 (67223.70,60126.98) 241099.90000954596
Pel.Ca_40 (148895.65,110118.07) 241199.80000955178
H.AG.Pel_26 (67223.70,60126.98) 241200.0
Pel.Ca_41 (148895.65,110118.07) 241200.0
Pi.Pel_37 (120577.66,92968.81) 241599.90000957507
Pi.Pel_38 (120577.66,92968.81) 241599.90000957507
H.PO.Pel_25 (67223.70,60126.98) 241799.8000095867
Ca.Pi_36 (125152.09,134673.10) 241800.0
B.PM.Pel_30 (165744.40,90012.13) 242399.80000962163
B.PM.Pel_32 (58.53,137084.64) 242399.80000962163
B.PM.Pel_28 (68777.87,109668.56) 242999.80000965655
Pel.Ca_40 (135975.62,129702.76) 242999.80000965655
Pel.Ca_41 (165744.40,90012.13) 243000.00000965656
Pi.Pel_37 (165744.40,90012.13) 243799.90000970312
Pi.Pel_38 (95308.28,124134.52) 243799.90000970312
B.PM.Pel_29 (68777.87,109668.56) 244199.8000097264
Ca.Pi_36 (95308.28,124134.52) 244200.0000097264
J.AG.Pel_23 (96181.89,36537.65) 245399.80000979625
J.AG.Pel_22 (138421.01,75651.25) 245699.8000098137
B.PM.Pel_28 (120577.66,92968.81) 246599.8000098661
J.AG.Pel_22 (165744.40,90012.13) 248099.8000099534
J.AG.Pel_23 (68540.65,167.57) 248099.8000099534
J.AG.Pel_21 (138421.01,75651.25) 248999.8000100058
J.AG.Pel_20 (96181.89,36537.65) 249300.0
B.PM.Pel_28 (165744.40,90012.13) 249599.80001004072
B.PM.Pel_29 (58.53,137084.64) 249599.80001004072
B.PM.Pel_31 (68777.87,109668.56) 250199.80001007565
B.PM.Pel_31 (120577.66,92968.81) 253799.8000102852
J.AG.Pel_21 (96181.89,36537.65) 254399.80001032012
J.AG.Pel_20 (138421.01,75651.25) 254699.80001033758
B.PM.Pel_31 (165744.40,90012.13) 256799.80001045982
J.AG.Pel_20 (165744.40,90012.13) 257099.80001047728
J.AG.Pel_21 (68540.65,167.57) 257099.80001047728
B.PM.Pel_28 (120577.66,92968.81) 281999.8000061478
H.PO.Pel_25 (116777.20,67767.63) 282799.80000596156
Pel.PO.Pi_34 (138421.01,75651.25) 284100.0
H.PO.Pel_25 (121607.49,78316.92) 284799.8000054959
Pi.Pel_37 (120577.66,92968.81) 284799.9000054959
Pi.Pel_38 (120577.66,92968.81) 284799.9000054959
J.AG.Pel_20 (138421.01,75651.25) 284999.80000544933
B.PM.Pel_28 (68777.87,109668.56) 285599.80000530963
B.PM.Pel_29 (68777.87,109668.56) 286199.80000516993
Pel.Ca_41 (148895.65,110118.07) 286199.80000516993
Pel.Ca_40 (148895.65,110118.07) 286200.0
H.PO.Pel_25 (138421.01,75651.25) 286599.8000050768
H.AG.Pel_26 (96181.89,36537.65) 286800.0
Pi.Pel_37 (95308.28,124134.52) 286999.90000498365
Pi.Pel_38 (165744.40,90012.13) 286999.90000498365
J.AG.Pel_21 (96181.89,36537.65) 287100.0
Pel.PO.Pi_34 (121607.49,78316.92) 287100.00000496034
H.AG_24 (96181.89,36537.65) 287899.9000047741
Pel.Ca_41 (135975.62,129702.76) 287999.80000475084
Pel.Ca_40 (165744.40,90012.13) 288000.0000047508
Pel.PO.Pi_34 (122259.05,79112.85) 288000.10000475077
H.PO.Pel_25 (165744.40,90012.13) 288599.80000461114
Pel.PO.Pi_34 (120577.66,92968.81) 288900.1000045412
B.PM.Pel_29 (120577.66,92968.81) 289800.0
J.AG.Pel_20 (96181.89,36537.65) 290399.80000419205
H.AG.Pel_26 (138421.01,75651.25) 290399.80000419205
B.PM.Pel_28 (58.53,137084.64) 291000.0
Pel.PO.Pi_34 (95308.28,124134.52) 291300.1000039824
H.AG_24 (67223.70,60126.98) 291499.9000039359
B.PM.Pel_30 (120577.66,92968.81) 291599.80000391265
B.PM.Pel_32 (68777.87,109668.56) 291599.80000391265
J.AG.Pel_21 (138421.01,75651.25) 292499.8000037031
B.PM.Pel_29 (165744.40,90012.13) 292800.0000036332
J.AG.Pel_20 (68540.65,167.57) 293100.0
H.AG.Pel_26 (165744.40,90012.13) 293399.80000349355
J.AG.Pel_23 (96181.89,36537.65) 294300.0
J.AG.Pel_21 (165744.40,90012.13) 294899.8000031443
B.PM.Pel_30 (68777.87,109668.56) 295199.80000307446
B.PM.Pel_32 (120577.66,92968.81) 295200.0
J.AG.Pel_22 (138421.01,75651.25) 295799.80000293476
Pel.Ca_40 (148895.65,110118.07) 296999.80000265536
Pel.Ca_41 (148895.65,110118.07) 297000.0
B.PM.Pel_29 (120577.66,92968.81) 298199.80000237597
B.PM.Pel_32 (165744.40,90012.13) 298200.0000023759
Pel.Ca_40 (135975.62,129702.76) 298799.80000223627
Pel.Ca_41 (165744.40,90012.13) 298800.0000022362
J.AG.Pel_23 (138421.01,75651.25) 299699.8000020267
B.PM.Pel_28 (68777.87,109668.56) 300599.8000018172
B.PM.Pel_30 (58.53,137084.64) 300600.0
Pel.Ca_40 (148895.65,110118.07) 300600.0
Pel.Ca_41 (148895.65,110118.07) 300600.0000018171
J.AG.Pel_22 (96181.89,36537.65) 301199.8000016775
B.PM.Pel_29 (68777.87,109668.56) 301799.8000015378
J.AG.Pel_23 (165744.40,90012.13) 302099.8000014679
Pel.Ca_40 (165744.40,90012.13) 302400.00000139803
Pel.Ca_41 (135975.62,129702.76) 302400.00000139803
Pi.Pel_37 (120577.66,92968.81) 302799.9000013049
Pi.Pel_38 (120577.66,92968.81) 302799.9000013049
J.AG.Pel_21 (138421.01,75651.25) 302999.8000012584
J.AG.Pel_20 (96181.89,36537.65) 303300.0
J.AG.Pel_22 (68540.65,167.57) 303900.0
B.PM.Pel_28 (120577.66,92968.81) 304200.0
Ce.Pp.Fa.Pel_39 (135516.90,79492.73) 304799.8000008393
Pi.Pel_37 (165744.40,90012.13) 304999.9000007927
Pi.Pel_38 (95308.28,124134.52) 304999.9000007927
B.PM.Pel_31 (120577.66,92968.81) 305399.8000006996
Ce.Pp.Fa.Pel_39 (138421.01,75651.25) 305399.8000006996
Pel.Ca_40 (148895.65,110118.07) 305999.8000005599
Pel.Ca_41 (148895.65,110118.07) 306000.0
B.PM.Pel_29 (58.53,137084.64) 307200.0
B.PM.Pel_28 (165744.40,90012.13) 307200.00000028044
Pel.Ca_40 (135975.62,129702.76) 307799.8000001408
Pel.Ca_41 (165744.40,90012.13) 307800.00000014075
J.AG.Pel_21 (96181.89,36537.65) 308399.8000000011
Ce.Pp.Fa.Pel_39 (165744.40,90012.13) 308399.8000000011
J.AG.Pel_20 (138421.01,75651.25) 308699.79999993125
J.AG.Pel_22 (96181.89,36537.65) 308699.8999999312
B.PM.Pel_31 (68777.87,109668.56) 308999.7999998614
J.AG.Pel_20 (165744.40,90012.13) 311099.79999937245
J.AG.Pel_21 (68540.65,167.57) 311099.8999993724
J.AG.Pel_23 (138421.01,75651.25) 311999.8999991629
B.PM.Pel_28 (120577.66,92968.81) 312599.8999990232
J.AG.Pel_22 (138421.01,75651.25) 314099.89999867394
B.PM.Pel_31 (58.53,137084.64) 314399.8999986041
B.PM.Pel_29 (68777.87,109668.56) 314999.8999984644
Pel.Ca_41 (148895.65,110118.07) 314999.8999984644
Pel.Ca_40 (148895.65,110118.07) 315000.0
B.PM.Pel_28 (68777.87,109668.56) 316199.899998185
J.AG.Pel_22 (165744.40,90012.13) 316499.89999811514
Pel.Ca_41 (135975.62,129702.76) 316799.8999980453
Pel.Ca_40 (165744.40,90012.13) 316800.0
J.AG.Pel_23 (96181.89,36537.65) 317399.8999979056
Pel.PO.Pi_34 (120577.66,92968.81) 317400.0
Pel.PO.Pi_34 (122259.05,79112.85) 318300.0
B.PM.Pel_29 (120577.66,92968.81) 318600.0
Ce.Pp.Fa.Pel_39 (138421.01,75651.25) 318900.0
J.AG.Pel_20 (138421.01,75651.25) 319199.8999974865
Pel.PO.Pi_34 (121607.49,78316.92) 319200.0
J.AG.Pel_21 (96181.89,36537.65) 319500.0
Ce.Pp.Fa.Pel_39 (135516.90,79492.73) 319500.0
B.PM.Pel_32 (120577.66,92968.81) 319799.8999973468
J.AG.Pel_23 (68540.65,167.57) 320100.0
Ce.Pp.Fa.Pel_39 (122259.05,79112.85) 320400.0
H.AG.Pel_26 (138421.01,75651.25) 321600.0
B.PM.Pel_28 (58.53,137084.64) 321600.0
B.PM.Pel_29 (165744.40,90012.13) 321600.0
B.PM.Pel_30 (68777.87,109668.56) 322199.899996788
Pel.PO.Pi_34 (138421.01,75651.25) 322199.899996788
Pel.Ca_40 (148895.65,110118.07) 322199.899996788
Pel.Ca_41 (148895.65,110118.07) 322200.0
H.PO.Pel_25 (138421.01,75651.25) 322399.89999674144
B.PM.Pel_32 (68777.87,109668.56) 323399.8999965086
Pel.PO.Pi_34 (165744.40,90012.13) 323699.89999643876
H.AG_24 (96181.89,36537.65) 323899.9999963922
Pel.Ca_40 (135975.62,129702.76) 323999.8999963689
Pel.Ca_41 (165744.40,90012.13) 324000.0
H.PO.Pel_25 (121607.49,78316.92) 324199.89999632235
J.AG.Pel_20 (96181.89,36537.65) 324599.8999962292
J.AG.Pel_21 (138421.01,75651.25) 324899.89999615937
H.AG.Pel_26 (96181.89,36537.65) 325200.0
B.PM.Pel_30 (120577.66,92968.81) 325800.0
H.PO.Pel_25 (116777.20,67767.63) 326199.99999585666
J.AG.Pel_22 (138421.01,75651.25) 326399.8999958101
J.AG.Pel_23 (96181.89,36537.65) 326700.0
B.PM.Pel_29 (120577.66,92968.81) 326999.8999956704
J.AG.Pel_21 (165744.40,90012.13) 327299.8999956006
J.AG.Pel_20 (68540.65,167.57) 327300.0
H.AG_24 (67223.70,60126.98) 327499.999995554
H.AG.Pel_26 (67223.70,60126.98) 327599.8999955307
Pel.Ca_41 (148895.65,110118.07) 327599.8999955307
Pel.Ca_40 (148895.65,110118.07) 327600.0
Pi.Pel_37 (120577.66,92968.81) 327999.99999543757
Pi.Pel_38 (120577.66,92968.81) 327999.99999543757
H.PO.Pel_25 (67223.70,60126.98) 328200.0
B.PM.Pel_30 (165744.40,90012.13) 328800.0
B.PM.Pel_32 (58.53,137084.64) 328800.0
B.PM.Pel_28 (68777.87,109668.56) 329399.8999951116
Pel.Ca_41 (135975.62,129702.76) 329399.8999951116
Pel.Ca_40 (165744.40,90012.13) 329400.0
Pi.Pel_37 (95308.28,124134.52) 330199.99999492534
Pi.Pel_38 (165744.40,90012.13) 330199.99999492534
B.PM.Pel_29 (68777.87,109668.56) 330599.89999483223
J.AG.Pel_22 (96181.89,36537.65) 331799.89999455283
J.AG.Pel_23 (138421.01,75651.25) 332099.899994483
B.PM.Pel_28 (120577.66,92968.81) 333000.0
J.AG.Pel_23 (165744.40,90012.13) 334499.8999939242
J.AG.Pel_22 (68540.65,167.57) 334500.0
J.AG.Pel_21 (138421.01,75651.25) 335399.89999371464
J.AG.Pel_20 (96181.89,36537.65) 335700.0
B.PM.Pel_28 (165744.40,90012.13) 336000.0
B.PM.Pel_29 (58.53,137084.64) 336000.0
B.PM.Pel_31 (68777.87,109668.56) 336599.89999343525
B.PM.Pel_31 (120577.66,92968.81) 340200.0
J.AG.Pel_21 (96181.89,36537.65) 340799.89999245736
J.AG.Pel_20 (138421.01,75651.25) 341099.8999923875
B.PM.Pel_31 (165744.40,90012.13) 343200.0
J.AG.Pel_20 (165744.40,90012.13) 343499.8999918287
J.AG.Pel_21 (68540.65,167.57) 343500.0
B.PM.Pel_28 (120577.66,92968.81) 368399.89998603123
H.PO.Pel_25 (116777.20,67767.63) 369199.89998584497
Pel.PO.Pi_34 (138421.01,75651.25) 370500.0
H.PO.Pel_25 (121607.49,78316.92) 371199.8999853793
Pi.Pel_37 (120577.66,92968.81) 371199.9999853793
Pi.Pel_38 (120577.66,92968.81) 371199.9999853793
J.AG.Pel_20 (138421.01,75651.25) 371399.89998533274
PM.PA.H.J_33 (67223.70,60126.98) 371699.8999852629
B.PM.Pel_28 (68777.87,109668.56) 371999.89998519304
B.PM.Pel_29 (68777.87,109668.56) 372599.89998505334
Pel.Ca_40 (148895.65,110118.07) 372599.89998505334
Pel.Ca_41 (148895.65,110118.07) 372600.0
H.PO.Pel_25 (138421.01,75651.25) 372999.8999849602
H.AG.Pel_26 (96181.89,36537.65) 373200.0
Ca.Pi_36 (125152.09,134673.10) 373200.0
Pi.Pel_37 (165744.40,90012.13) 373399.99998486706
Pi.Pel_38 (95308.28,124134.52) 373399.99998486706
J.AG.Pel_21 (96181.89,36537.65) 373500.0
Pel.PO.Pi_34 (121607.49,78316.92) 373500.0
H.AG_24 (96181.89,36537.65) 374299.9999846575
PM.PA.H.J_33 (56251.17,77559.58) 374399.89998463425
Pi.PM_35 (88066.66,122369.36) 374399.89998463425
Pel.Ca_40 (135975.62,129702.76) 374399.89998463425
Pel.PO.Pi_34 (122259.05,79112.85) 374400.0
Pel.Ca_41 (165744.40,90012.13) 374400.0
H.PO.Pel_25 (165744.40,90012.13) 374999.89998449455
Pel.PO.Pi_34 (120577.66,92968.81) 375300.0
Ca.Pi_36 (135975.62,129702.76) 375600.0
Pi.PM_35 (68777.87,109668.56) 376199.89998421515
B.PM.Pel_29 (120577.66,92968.81) 376200.0
J.AG.Pel_20 (96181.89,36537.65) 376799.89998407545
H.AG.Pel_26 (138421.01,75651.25) 376799.89998407545
PM.PA.H.J_33 (49399.77,92658.78) 377099.8999840056
B.PM.Pel_28 (58.53,137084.64) 377400.0
Pel.PO.Pi_34 (95308.28,124134.52) 377700.0
H.AG_24 (67223.70,60126.98) 377899.9999838193
B.PM.Pel_30 (120577.66,92968.81) 377999.89998379606
B.PM.Pel_32 (68777.87,109668.56) 377999.89998379606
J.AG.Pel_21 (138421.01,75651.25) 378899.8999835865
B.PM.Pel_29 (165744.40,90012.13) 379200.0
J.AG.Pel_20 (68540.65,167.57) 379500.0
H.AG.Pel_26 (165744.40,90012.13) 379799.89998337696
PM.PA.H.J_33 (68777.87,109668.56) 380699.8999831674
J.AG.Pel_22 (96181.89,36537.65) 380700.0
J.AG.Pel_21 (165744.40,90012.13) 381299.8999830277
B.PM.Pel_30 (68777.87,109668.56) 381599.89998295787
B.PM.Pel_32 (120577.66,92968.81) 381600.0
J.AG.Pel_23 (138421.01,75651.25) 382199.89998281817
Pel.Ca_41 (148895.65,110118.07) 383399.8999825388
Pel.Ca_40 (148895.65,110118.07) 383400.0
B.PM.Pel_29 (120577.66,92968.81) 384599.8999822594
B.PM.Pel_32 (165744.40,90012.13) 384600.0
Pel.Ca_41 (135975.62,129702.76) 385199.8999821197
Pel.Ca_40 (165744.40,90012.13) 385200.0
J.AG.Pel_22 (138421.01,75651.25) 386099.89998191013
B.PM.Pel_28 (68777.87,109668.56) 386999.8999817006
B.PM.Pel_30 (58.53,137084.64) 387000.0
Pel.Ca_40 (148895.65,110118.07) 387000.0
Pel.Ca_41 (148895.65,110118.07) 387000.0
J.AG.Pel_23 (96181.89,36537.65) 387599.8999815609
Ca.Pi_36 (125152.09,134673.10) 387600.0
B.PM.Pel_29 (68777.87,109668.56) 388199.8999814212
J.AG.Pel_22 (165744.40,90012.13) 388499.89998135134
Pel.Ca_40 (135975.62,129702.76) 388800.0
Pel.Ca_41 (165744.40,90012.13) 388800.0
Pi.Pel_37 (120577.66,92968.81) 389199.99998118833
Pi.Pel_38 (120577.66,92968.81) 389199.99998118833
J.AG.Pel_21 (138421.01,75651.25) 389399.8999811418
J.AG.Pel_20 (96181.89,36537.65) 389700.0
Ca.Pi_36 (95308.28,124134.52) 390000.0
J.AG.Pel_23 (68540.65,167.57) 390300.0
Pi.PM_35 (88066.66,122369.36) 390599.8999808624
B.PM.Pel_28 (120577.66,92968.81) 390600.0
Ce.Pp.Fa.Pel_39 (135516.90,79492.73) 391199.8999807227
Pi.Pel_37 (95308.28,124134.52) 391399.9999806761
Pi.Pel_38 (165744.40,90012.13) 391399.9999806761
B.PM.Pel_31 (120577.66,92968.81) 391799.899980583
Ce.Pp.Fa.Pel_39 (138421.01,75651.25) 391799.899980583
Pi.PM_35 (95308.28,124134.52) 392399.8999804433
Pel.Ca_41 (148895.65,110118.07) 392399.8999804433
Pel.Ca_40 (148895.65,110118.07) 392400.0
B.PM.Pel_28 (165744.40,90012.13) 393600.0
B.PM.Pel_29 (58.53,137084.64) 393600.0
Pel.Ca_41 (135975.62,129702.76) 394199.8999800242
Pel.Ca_40 (165744.40,90012.13) 394200.0
J.AG.Pel_21 (96181.89,36537.65) 394799.8999798845
Ce.Pp.Fa.Pel_39 (165744.40,90012.13) 394799.8999798845
J.AG.Pel_20 (138421.01,75651.25) 395099.89997981465
J.AG.Pel_23 (96181.89,36537.65) 395100.0
B.PM.Pel_31 (68777.87,109668.56) 395399.8999797448
J.AG.Pel_20 (165744.40,90012.13) 397499.89997925586
J.AG.Pel_21 (68540.65,167.57) 397500.0
J.AG.Pel_22 (138421.01,75651.25) 398399.8999790463
B.PM.Pel_28 (120577.66,92968.81) 398999.8999789066
J.AG.Pel_23 (138421.01,75651.25) 400499.89997855737
B.PM.Pel_31 (58.53,137084.64) 400800.0
B.PM.Pel_29 (68777.87,109668.56) 401399.8999783478
Pel.Ca_40 (148895.65,110118.07) 401399.8999783478
Pel.Ca_41 (148895.65,110118.07) 401400.0
B.PM.Pel_28 (68777.87,109668.56) 402599.8999780684
J.AG.Pel_23 (165744.40,90012.13) 402899.8999779986
PM.PA.H.J_33 (49399.77,92658.78) 403199.8999779287
Pel.Ca_40 (135975.62,129702.76) 403199.8999779287
Pel.Ca_41 (165744.40,90012.13) 403200.0
J.AG.Pel_22 (96181.89,36537.65) 403799.899977789
Pel.PO.Pi_34 (120577.66,92968.81) 403800.0
Pel.PO.Pi_34 (122259.05,79112.85) 404700.0
B.PM.Pel_29 (120577.66,92968.81) 405000.0
Ce.Pp.Fa.Pel_39 (138421.01,75651.25) 405300.0
J.AG.Pel_20 (138421.01,75651.25) 405599.89997736993
Pel.PO.Pi_34 (121607.49,78316.92) 405600.0
Ca.Pi_36 (125152.09,134673.10) 405600.0
PM.PA.H.J_33 (56251.17,77559.58) 405899.8999773001
J.AG.Pel_21 (96181.89,36537.65) 405900.0
Ce.Pp.Fa.Pel_39 (135516.90,79492.73) 405900.0
B.PM.Pel_32 (120577.66,92968.81) 406199.89997723023
J.AG.Pel_22 (68540.65,167.57) 406500.0
Ce.Pp.Fa.Pel_39 (122259.05,79112.85) 406800.0
H.AG.Pel_26 (138421.01,75651.25) 408000.0
B.PM.Pel_28 (58.53,137084.64) 408000.0
B.PM.Pel_29 (165744.40,90012.13) 408000.0
Ca.Pi_36 (135975.62,129702.76) 408000.0
B.PM.Pel_30 (68777.87,109668.56) 408599.89997667144
PM.PA.H.J_33 (67223.70,60126.98) 408599.89997667144
Pel.PO.Pi_34 (138421.01,75651.25) 408599.89997667144
Pel.Ca_41 (148895.65,110118.07) 408599.89997667144
Pel.Ca_40 (148895.65,110118.07) 408600.0
H.PO.Pel_25 (138421.01,75651.25) 408799.8999766249
B.PM.Pel_32 (68777.87,109668.56) 409799.89997639204
Pel.PO.Pi_34 (165744.40,90012.13) 410099.8999763222
H.AG_24 (96181.89,36537.65) 410299.9999762756
Pel.Ca_41 (135975.62,129702.76) 410399.89997625235
Pel.Ca_40 (165744.40,90012.13) 410400.0
H.PO.Pel_25 (121607.49,78316.92) 410599.8999762058
J.AG.Pel_20 (96181.89,36537.65) 410999.89997611265
J.AG.Pel_21 (138421.01,75651.25) 411299.8999760428
H.AG.Pel_26 (96181.89,36537.65) 411600.0
B.PM.Pel_30 (120577.66,92968.81) 412200.0
PM.PA.H.J_33 (68540.65,167.57) 412200.0
H.PO.Pel_25 (116777.20,67767.63) 412599.9999757401
J.AG.Pel_23 (138421.01,75651.25) 412799.89997569355
J.AG.Pel_22 (96181.89,36537.65) 413100.0
B.PM.Pel_29 (120577.66,92968.81) 413399.89997555385
J.AG.Pel_21 (165744.40,90012.13) 413699.899975484
J.AG.Pel_20 (68540.65,167.57) 413700.0
H.AG_24 (67223.70,60126.98) 413899.9999754374
H.AG.Pel_26 (67223.70,60126.98) 413999.89997541416
Pel.Ca_40 (148895.65,110118.07) 413999.89997541416
Pel.Ca_41 (148895.65,110118.07) 414000.0
Pi.Pel_37 (120577.66,92968.81) 414399.999975321
Pi.Pel_38 (120577.66,92968.81) 414399.999975321
H.PO.Pel_25 (67223.70,60126.98) 414600.0
Ca.Pi_36 (125152.09,134673.10) 414600.0
B.PM.Pel_30 (165744.40,90012.13) 415200.0
B.PM.Pel_32 (58.53,137084.64) 415200.0
B.PM.Pel_28 (68777.87,109668.56) 415799.89997499506
Pel.Ca_40 (135975.62,129702.76) 415799.89997499506
Pel.Ca_41 (165744.40,90012.13) 415800.0
Pi.Pel_37 (165744.40,90012.13) 416599.9999748088
Pi.Pel_38 (95308.28,124134.52) 416599.9999748088
B.PM.Pel_29 (68777.87,109668.56) 416999.89997471566
Ca.Pi_36 (95308.28,124134.52) 417000.0
J.AG.Pel_23 (96181.89,36537.65) 418199.89997443627
J.AG.Pel_22 (138421.01,75651.25) 418499.8999743664
B.PM.Pel_28 (120577.66,92968.81) 419400.0
J.AG.Pel_22 (165744.40,90012.13) 420899.8999738076
J.AG.Pel_23 (68540.65,167.57) 420900.0
J.AG.Pel_21 (138421.01,75651.25) 421799.8999735981
J.AG.Pel_20 (96181.89,36537.65) 422100.0
B.PM.Pel_28 (165744.40,90012.13) 422400.0
B.PM.Pel_29 (58.53,137084.64) 422400.0
B.PM.Pel_31 (68777.87,109668.56) 422999.8999733187
B.PM.Pel_31 (120577.66,92968.81) 426600.0
J.AG.Pel_21 (96181.89,36537.65) 427199.8999723408
J.AG.Pel_20 (138421.01,75651.25) 427499.89997227094
B.PM.Pel_31 (165744.40,90012.13) 429600.0
J.AG.Pel_20 (165744.40,90012.13) 429899.89997171215
J.AG.Pel_21 (68540.65,167.57) 429900.0
B.PM.Pel_28 (120577.66,92968.81) 454799.89996591466
H.PO.Pel_25 (116777.20,67767.63) 455599.8999657284
Pel.PO.Pi_34 (138421.01,75651.25) 456900.0
H.PO.Pel_25 (121607.49,78316.92) 457599.89996526274
Pi.Pel_37 (120577.66,92968.81) 457599.9999652627
Pi.Pel_38 (120577.66,92968.81) 457599.9999652627
J.AG.Pel_20 (138421.01,75651.25) 457799.8999652162
B.PM.Pel_28 (68777.87,109668.56) 458399.8999650765
B.PM.Pel_29 (68777.87,109668.56) 458999.8999649368
Pel.Ca_41 (148895.65,110118.07) 458999.8999649368
Pel.Ca_40 (148895.65,110118.07) 459000.0
H.PO.Pel_25 (138421.01,75651.25) 459399.89996484364
H.AG.Pel_26 (96181.89,36537.65) 459600.0
Pi.Pel_37 (95308.28,124134.52) 459799.9999647505
Pi.Pel_38 (165744.40,90012.13) 459799.9999647505
J.AG.Pel_21 (96181.89,36537.65) 459900.0
Pel.PO.Pi_34 (121607.49,78316.92) 459900.0
H.AG_24 (96181.89,36537.65) 460699.99996454094
Pel.Ca_41 (135975.62,129702.76) 460799.8999645177
Pel.PO.Pi_34 (122259.05,79112.85) 460800.0
Pel.Ca_40 (165744.40,90012.13) 460800.0
H.PO.Pel_25 (165744.40,90012.13) 461399.899964378
Pel.PO.Pi_34 (120577.66,92968.81) 461700.0
B.PM.Pel_29 (120577.66,92968.81) 462600.0
J.AG.Pel_20 (96181.89,36537.65) 463199.8999639589
H.AG.Pel_26 (138421.01,75651.25) 463199.8999639589
B.PM.Pel_28 (58.53,137084.64) 463800.0
Pel.PO.Pi_34 (95308.28,124134.52) 464100.0
H.AG_24 (67223.70,60126.98) 464299.99996370275
B.PM.Pel_30 (120577.66,92968.81) 464399.8999636795
B.PM.Pel_32 (68777.87,109668.56) 464399.8999636795
J.AG.Pel_21 (138421.01,75651.25) 465299.89996346994
B.PM.Pel_29 (165744.40,90012.13) 465600.0
J.AG.Pel_20 (68540.65,167.57) 465900.0
H.AG.Pel_26 (165744.40,90012.13) 466199.8999632604
J.AG.Pel_23 (96181.89,36537.65) 467100.0
J.AG.Pel_21 (165744.40,90012.13) 467699.89996291115
B.PM.Pel_30 (68777.87,109668.56) 467999.8999628413
B.PM.Pel_32 (120577.66,92968.81) 468000.0
J.AG.Pel_22 (138421.01,75651.25) 468599.8999627016
Pel.Ca_40 (148895.65,110118.07) 469799.8999624222
Pel.Ca_41 (148895.65,110118.07) 469800.0
B.PM.Pel_29 (120577.66,92968.81) 470999.8999621428
B.PM.Pel_32 (165744.40,90012.13) 471000.0
Pel.Ca_40 (135975.62,129702.76) 471599.8999620031
Pel.Ca_41 (165744.40,90012.13) 471600.0
J.AG.Pel_23 (138421.01,75651.25) 472499.89996179356
B.PM.Pel_28 (68777.87,109668.56) 473399.899961584
B.PM.Pel_30 (58.53,137084.64) 473400.0
Pel.Ca_40 (148895.65,110118.07) 473400.0
Pel.Ca_41 (148895.65,110118.07) 473400.0
J.AG.Pel_22 (96181.89,36537.65) 473999.8999614443
B.PM.Pel_29 (68777.87,109668.56) 474599.8999613046
J.AG.Pel_23 (165744.40,90012.13) 474899.89996123477
Pel.Ca_40 (165744.40,90012.13) 475200.0
Pel.Ca_41 (135975.62,129702.76) 475200.0
Pi.Pel_37 (120577.66,92968.81) 475599.99996107176
Pi.Pel_38 (120577.66,92968.81) 475599.99996107176
J.AG.Pel_21 (138421.01,75651.25) 475799.8999610252
J.AG.Pel_20 (96181.89,36537.65) 476100.0
J.AG.Pel_22 (68540.65,167.57) 476700.0
B.PM.Pel_28 (120577.66,92968.81) 477000.0
Ce.Pp.Fa.Pel_39 (135516.90,79492.73) 477599.8999606061
Pi.Pel_37 (165744.40,90012.13) 477799.99996055954
Pi.Pel_38 (95308.28,124134.52) 477799.99996055954
B.PM.Pel_31 (120577.66,92968.81) 478199.8999604664
Ce.Pp.Fa.Pel_39 (138421.01,75651.25) 478199.8999604664
Pel.Ca_40 (148895.65,110118.07) 478799.89996032673
Pel.Ca_41 (148895.65,110118.07) 478800.0
B.PM.Pel_28 (165744.40,90012.13) 480000.0
B.PM.Pel_29 (58.53,137084.64) 480000.0
Pel.Ca_40 (135975.62,129702.76) 480599.89995990763
Pel.Ca_41 (165744.40,90012.13) 480600.0
J.AG.Pel_21 (96181.89,36537.65) 481199.89995976794
Ce.Pp.Fa.Pel_39 (165744.40,90012.13) 481199.89995976794
J.AG.Pel_20 (138421.01,75651.25) 481499.8999596981
J.AG.Pel_22 (96181.89,36537.65) 481500.0
B.PM.Pel_31 (68777.87,109668.56) 481799.89995962824
J.AG.Pel_20 (165744.40,90012.13) 483899.8999591393
J.AG.Pel_21 (68540.65,167.57) 483900.0
J.AG.Pel_23 (138421.01,75651.25) 484799.89995892975
B.PM.Pel_28 (120577.66,92968.81) 485399.89995879005
J.AG.Pel_22 (138421.01,75651.25) 486899.8999584408
B.PM.Pel_31 (58.53,137084.64) 487200.0
B.PM.Pel_29 (68777.87,109668.56) 487799.89995823125
Pel.Ca_41 (148895.65,110118.07) 487799.89995823125
Pel.Ca_40 (148895.65,110118.07) 487800.0
B.PM.Pel_28 (68777.87,109668.56) 488999.89995795186
J.AG.Pel_22 (165744.40,90012.13) 489299.899957882
Pel.Ca_41 (135975.62,129702.76) 489599.89995781216
Pel.Ca_40 (165744.40,90012.13) 489600.0
J.AG.Pel_23 (96181.89,36537.65) 490199.89995767246
Pel.PO.Pi_34 (120577.66,92968.81) 490200.0
Pel.PO.Pi_34 (122259.05,79112.85) 491100.0
B.PM.Pel_29 (120577.66,92968.81) 491400.0
Ce.Pp.Fa.Pel_39 (138421.01,75651.25) 491700.0
J.AG.Pel_20 (138421.01,75651.25) 491999.89995725336
Pel.PO.Pi_34 (121607.49,78316.92) 492000.0
J.AG.Pel_21 (96181.89,36537.65) 492300.0
Ce.Pp.Fa.Pel_39 (135516.90,79492.73) 492300.0
B.PM.Pel_32 (120577.66,92968.81) 492599.89995711367
J.AG.Pel_23 (68540.65,167.57) 492900.0
Ce.Pp.Fa.Pel_39 (122259.05,79112.85) 493200.0
B.PM.Pel_28 (58.53,137084.64) 494400.0
B.PM.Pel_29 (165744.40,90012.13) 494400.0
B.PM.Pel_30 (68777.87,109668.56) 494999.8999565549
Pel.PO.Pi_34 (138421.01,75651.25) 494999.8999565549
Pel.Ca_40 (148895.65,110118.07) 494999.8999565549
Pel.Ca_41 (148895.65,110118.07) 495000.0
B.PM.Pel_32 (68777.87,109668.56) 496199.8999562755
H.AG.Pel_26 (138421.01,75651.25) 496200.0
Pel.PO.Pi_34 (165744.40,90012.13) 496499.8999562056
H.AG_24 (96181.89,36537.65) 496699.99995615904
Pel.Ca_40 (135975.62,129702.76) 496799.8999561358
Pel.Ca_41 (165744.40,90012.13) 496800.0
J.AG.Pel_20 (96181.89,36537.65) 497399.8999559961
J.AG.Pel_21 (138421.01,75651.25) 497699.89995592623
B.PM.Pel_30 (120577.66,92968.81) 498600.0
H.PO.Pel_25 (138421.01,75651.25) 498799.8999556701
J.AG.Pel_22 (138421.01,75651.25) 499199.899955577
J.AG.Pel_23 (96181.89,36537.65) 499500.0
B.PM.Pel_29 (120577.66,92968.81) 499799.8999554373
H.AG.Pel_26 (96181.89,36537.65) 499800.0
J.AG.Pel_21 (165744.40,90012.13) 500099.89995536744
J.AG.Pel_20 (68540.65,167.57) 500100.0
H.AG_24 (67223.70,60126.98) 500299.99995532085
Pel.Ca_41 (148895.65,110118.07) 500399.8999552976
Pel.Ca_40 (148895.65,110118.07) 500400.0
H.PO.Pel_25 (121607.49,78316.92) 500599.899955251
Pi.Pel_37 (120577.66,92968.81) 500799.99995520443
Pi.Pel_38 (120577.66,92968.81) 500799.99995520443
B.PM.Pel_30 (165744.40,90012.13) 501600.0
B.PM.Pel_32 (58.53,137084.64) 501600.0
H.AG.Pel_26 (67223.70,60126.98) 502199.8999548785
B.PM.Pel_28 (68777.87,109668.56) 502199.8999548785
Pel.Ca_41 (135975.62,129702.76) 502199.8999548785
Pel.Ca_40 (165744.40,90012.13) 502200.0
H.PO.Pel_25 (116777.20,67767.63) 502599.99995478534
Pi.Pel_37 (95308.28,124134.52) 502999.9999546922
Pi.Pel_38 (165744.40,90012.13) 502999.9999546922
B.PM.Pel_29 (68777.87,109668.56) 503399.8999545991
J.AG.Pel_22 (96181.89,36537.65) 504599.8999543197
H.PO.Pel_25 (67223.70,60126.98) 504600.0
J.AG.Pel_23 (138421.01,75651.25) 504899.89995424985
B.PM.Pel_28 (120577.66,92968.81) 505800.0
J.AG.Pel_23 (165744.40,90012.13) 507299.89995369106
J.AG.Pel_22 (68540.65,167.57) 507300.0
J.AG.PO.B_19 (120577.66,92968.81) 507599.8999536212
J.AG.PO.B_19 (121607.49,78316.92) 508199.8999534815
J.AG.Pel_21 (138421.01,75651.25) 508199.8999534815
J.AG.Pel_20 (96181.89,36537.65) 508500.0
B.PM.Pel_28 (165744.40,90012.13) 508800.0
B.PM.Pel_29 (58.53,137084.64) 508800.0
B.PM.Pel_31 (68777.87,109668.56) 509399.8999532021
J.AG.PO.B_19 (96181.89,36537.65) 512699.89995243377
B.PM.Pel_31 (120577.66,92968.81) 513000.0
J.AG.Pel_21 (96181.89,36537.65) 513599.8999522242
J.AG.Pel_20 (138421.01,75651.25) 513899.8999521544
J.AG.PO.B_19 (68540.65,167.57) 515399.8999518051
B.PM.Pel_31 (165744.40,90012.13) 516000.0
J.AG.Pel_20 (165744.40,90012.13) 516299.8999515956
J.AG.Pel_21 (68540.65,167.57) 516300.0
Pel.PO.Pi_34 (138421.01,75651.25) 543300.0
J.AG.Pel_20 (138421.01,75651.25) 544199.8999450996
Pel.Ca_40 (148895.65,110118.07) 545399.8999448202
Pel.Ca_41 (148895.65,110118.07) 545400.0
J.AG.Pel_21 (96181.89,36537.65) 546300.0
Pel.PO.Pi_34 (121607.49,78316.92) 546300.0
H.AG_24 (96181.89,36537.65) 547099.9999444244
Pel.Ca_40 (135975.62,129702.76) 547199.8999444011
Pel.PO.Pi_34 (122259.05,79112.85) 547200.0
Pel.Ca_41 (165744.40,90012.13) 547200.0
Pel.PO.Pi_34 (120577.66,92968.81) 548100.0
Pi.Pel_37 (120577.66,92968.81) 549399.9999438889
Pi.Pel_38 (120577.66,92968.81) 549399.9999438889
J.AG.Pel_20 (96181.89,36537.65) 549599.8999438423
Pel.PO.Pi_34 (95308.28,124134.52) 550500.0
H.AG_24 (67223.70,60126.98) 550699.9999435862
B.PM.Pel_28 (120577.66,92968.81) 550799.8999435629
Pi.Pel_37 (165744.40,90012.13) 551599.9999433766
Pi.Pel_38 (95308.28,124134.52) 551599.9999433766
J.AG.Pel_21 (138421.01,75651.25) 551699.8999433534
J.AG.Pel_20 (68540.65,167.57) 552300.0
J.AG.Pel_22 (96181.89,36537.65) 553500.0
J.AG.Pel_21 (165744.40,90012.13) 554099.8999427946
B.PM.Pel_28 (68777.87,109668.56) 554399.8999427247
J.AG.Pel_23 (138421.01,75651.25) 554999.899942585
Pel.Ca_41 (148895.65,110118.07) 556199.8999423056
Pel.Ca_40 (148895.65,110118.07) 556200.0
B.PM.Pel_30 (120577.66,92968.81) 557399.8999420262
Pel.Ca_41 (135975.62,129702.76) 557999.8999418865
Pel.Ca_40 (165744.40,90012.13) 558000.0
J.AG.Pel_22 (138421.01,75651.25) 558899.899941677
B.PM.Pel_29 (68777.87,109668.56) 559799.8999414674
B.PM.Pel_28 (58.53,137084.64) 559800.0
J.AG.Pel_23 (96181.89,36537.65) 560399.8999413277
B.PM.Pel_30 (68777.87,109668.56) 560999.899941188
J.AG.Pel_22 (165744.40,90012.13) 561299.8999411182
J.AG.Pel_21 (138421.01,75651.25) 562199.8999409087
J.AG.Pel_20 (96181.89,36537.65) 562500.0
J.AG.Pel_23 (68540.65,167.57) 563100.0
B.PM.Pel_29 (120577.66,92968.81) 563400.0
Ce.Pp.Fa.Pel_39 (135516.90,79492.73) 563999.8999404896
Ce.Pp.Fa.Pel_39 (138421.01,75651.25) 564599.8999403499
Pel.Ca_40 (148895.65,110118.07) 565199.8999402102
Pel.Ca_41 (148895.65,110118.07) 565200.0
B.PM.Pel_29 (165744.40,90012.13) 566400.0
B.PM.Pel_30 (58.53,137084.64) 566400.0
Pel.Ca_40 (135975.62,129702.76) 566999.8999397911
Pel.Ca_41 (165744.40,90012.13) 567000.0
J.AG.Pel_21 (96181.89,36537.65) 567599.8999396514
Ce.Pp.Fa.Pel_39 (165744.40,90012.13) 567599.8999396514
J.AG.Pel_20 (138421.01,75651.25) 567899.8999395815
J.AG.Pel_23 (96181.89,36537.65) 567900.0
J.AG.PO.B_19 (96181.89,36537.65) 569700.0
J.AG.Pel_20 (165744.40,90012.13) 570299.8999390227
J.AG.Pel_21 (68540.65,167.57) 570300.0
J.AG.Pel_22 (138421.01,75651.25) 571199.8999388132
B.PM.Pel_29 (120577.66,92968.81) 571799.8999386735
J.AG.Pel_23 (138421.01,75651.25) 573299.8999383242
J.AG.PO.B_19 (121607.49,78316.92) 574199.8999381147
B.PM.Pel_28 (68777.87,109668.56) 574199.8999381147
B.PM.Pel_29 (68777.87,109668.56) 575399.8999378353
J.AG.Pel_23 (165744.40,90012.13) 575699.8999377654
J.AG.Pel_22 (96181.89,36537.65) 576599.8999375559
Pel.PO.Pi_34 (120577.66,92968.81) 576600.0
Pel.PO.Pi_34 (122259.05,79112.85) 577500.0
Pel.Ca_41 (148895.65,110118.07) 577799.8999372765
B.PM.Pel_28 (120577.66,92968.81) 577800.0
Pel.Ca_40 (148895.65,110118.07) 577800.0
Ce.Pp.Fa.Pel_39 (138421.01,75651.25) 578100.0
J.AG.Pel_20 (138421.01,75651.25) 578399.8999371368
Pel.PO.Pi_34 (121607.49,78316.92) 578400.0
J.AG.Pel_21 (96181.89,36537.65) 578700.0
Ce.Pp.Fa.Pel_39 (135516.90,79492.73) 578700.0
B.PM.Pel_31 (120577.66,92968.81) 578999.8999369971
J.AG.Pel_22 (68540.65,167.57) 579300.0
Pel.Ca_41 (135975.62,129702.76) 579599.8999368574
Ce.Pp.Fa.Pel_39 (122259.05,79112.85) 579600.0
Pel.Ca_40 (165744.40,90012.13) 579600.0
B.PM.Pel_28 (165744.40,90012.13) 580800.0
B.PM.Pel_29 (58.53,137084.64) 580800.0
B.PM.Pel_30 (68777.87,109668.56) 581399.8999364383
Pel.PO.Pi_34 (138421.01,75651.25) 581399.8999364383
H.AG.Pel_26 (96181.89,36537.65) 582000.0
B.PM.Pel_31 (68777.87,109668.56) 582599.8999361589
Pel.PO.Pi_34 (165744.40,90012.13) 582899.8999360891
J.AG.Pel_20 (96181.89,36537.65) 583799.8999358795
J.AG.Pel_21 (138421.01,75651.25) 584099.8999358097
Pel.Ca_40 (148895.65,110118.07) 584999.8999356001
B.PM.Pel_30 (120577.66,92968.81) 585000.0
Pel.Ca_41 (148895.65,110118.07) 585000.0
J.AG.Pel_23 (138421.01,75651.25) 585599.8999354604
H.AG.Pel_26 (138421.01,75651.25) 585599.8999354604
J.AG.Pel_22 (96181.89,36537.65) 585900.0
B.PM.Pel_28 (120577.66,92968.81) 586199.8999353207
J.AG.Pel_21 (165744.40,90012.13) 586499.8999352509
J.AG.Pel_20 (68540.65,167.57) 586500.0
Pel.Ca_40 (135975.62,129702.76) 586799.899935181
Pel.Ca_41 (165744.40,90012.13) 586800.0
Pi.Pel_37 (120577.66,92968.81) 587199.9999350879
Pi.Pel_38 (120577.66,92968.81) 587199.9999350879
B.PM.Pel_30 (165744.40,90012.13) 588000.0
B.PM.Pel_31 (58.53,137084.64) 588000.0
H.AG.Pel_26 (165744.40,90012.13) 588599.8999347619
B.PM.Pel_29 (68777.87,109668.56) 588599.8999347619
Pi.Pel_37 (95308.28,124134.52) 589399.9999345756
Pi.Pel_38 (165744.40,90012.13) 589399.9999345756
B.PM.Pel_28 (68777.87,109668.56) 589799.8999344825
H.AG.Pel_27 (138421.01,75651.25) 589800.0
J.AG.Pel_23 (96181.89,36537.65) 590999.8999342031
J.AG.Pel_22 (138421.01,75651.25) 591299.8999341333
Pel.Ca_41 (148895.65,110118.07) 592199.8999339237
B.PM.Pel_29 (120577.66,92968.81) 592200.0
Pel.Ca_40 (148895.65,110118.07) 592200.0
H.AG.Pel_27 (96181.89,36537.65) 593400.0
J.AG.Pel_22 (165744.40,90012.13) 593699.8999335745
J.AG.Pel_23 (68540.65,167.57) 593700.0
Pel.Ca_41 (135975.62,129702.76) 593999.8999335046
Pel.Ca_40 (165744.40,90012.13) 594000.0
H.AG_24 (96181.89,36537.65) 594499.9999333882
J.AG.Pel_21 (138421.01,75651.25) 594599.8999333649
J.AG.Pel_20 (96181.89,36537.65) 594900.0
B.PM.Pel_28 (58.53,137084.64) 595200.0
B.PM.Pel_29 (165744.40,90012.13) 595200.0
H.AG.Pel_27 (67223.70,60126.98) 595799.8999330855
B.PM.Pel_31 (68777.87,109668.56) 595799.8999330855
H.AG_24 (67223.70,60126.98) 598099.99993255
B.PM.Pel_31 (120577.66,92968.81) 599400.0
J.AG.Pel_21 (96181.89,36537.65) 599999.8999321077
J.AG.Pel_20 (138421.01,75651.25) 600299.8999320378
B.PM.Pel_31 (165744.40,90012.13) 602400.0
J.AG.Pel_20 (165744.40,90012.13) 602699.899931479
J.AG.Pel_21 (68540.65,167.57) 602700.0
